00110101
10110111
00000000
10100000
11101110
01101100
00000000
00010000
10010110
10010110
00100110
10010110
00100110
00100110
10010110
10010110
00000000
00000000
00000000
01000000
00000000
00000000
00000000
11100000
00000010
01001000
00000000
00000000
00000000
00000000
00000000
00000000
00000000
00000000
00000000
10010000
00000010
11010010
11110111
00111010
00010100
10101111
01000011
11110001
00000010
11000100
01111001
00011101
10001010
11010111
10100001
11111000
00000000
00000000
00000000
01010000
00000000
00000000
00000000
11010000
